GO:0030259	1	15	112	43122
GO:0009116	1	38	112	43099
GO:0016132	1	270	112	42867
GO:0080040	1	3	112	43134
GO:0006096	1	660	112	42477
GO:0055062	2	24	111	43112
GO:0009117	1	149	112	42988
GO:0009058	1	347	112	42790
GO:0009061	1	34	112	43103
GO:0030968	1	500	112	42637
GO:0006612	1	1019	112	42118
GO:0008152	4	2091	109	41043
GO:0019375	9	225	104	42904
GO:0006094	1	462	112	42675
GO:0007154	1	185	112	42952
GO:0018401	1	21	112	43116
GO:0048527	1	137	112	43000
GO:0048364	1	400	112	42737
GO:0019288	1	580	112	42557
GO:0006979	1	631	112	42506
GO:0006817	2	50	111	43086
GO:0006098	1	420	112	42717
GO:0046686	3	1307	110	41828
GO:0009867	1	799	112	42338
GO:0009828	1	83	112	43054
GO:0009853	1	336	112	42801
GO:0008150	4	11998	109	31136
GO:0006629	2	532	111	42604
GO:0009831	1	57	112	43080
GO:0048767	1	503	112	42634
GO:0055114	2	2339	111	40797
GO:0009664	1	336	112	42801
GO:0006636	1	203	112	42934
GO:0005975	1	910	112	42227
GO:0009735	1	166	112	42971
GO:0009651	1	1844	112	41293
GO:0015995	1	293	112	42844
GO:0000165	1	574	112	42563
GO:0006168	1	13	112	43124
GO:0009247	2	11	111	43125
GO:0009738	1	633	112	42504
GO:0043069	1	524	112	42613
GO:0030643	3	4	110	43131
GO:0006071	2	25	111	43111
GO:0048193	1	456	112	42681
GO:0055072	1	71	112	43066
GO:0019374	1	3	112	43134
GO:0045892	6	462	107	42670
GO:0015688	1	3	112	43134
GO:0048446	1	35	112	43102
GO:0009737	1	1253	112	41884
GO:0008643	2	9	111	43127
GO:0009617	1	406	112	42731
GO:0031348	2	764	111	42372
GO:0009416	1	439	112	42698
GO:0010363	1	1018	112	42119
GO:0006631	1	85	112	43052
GO:0016117	1	258	112	42879
GO:0042631	1	189	112	42948
GO:0050832	1	940	112	42197
GO:0016036	10	320	103	42808
GO:0055085	2	1059	111	42077
GO:0009826	1	273	112	42864
GO:0009409	2	1115	111	42021
GO:0009862	1	687	112	42450
GO:0019761	1	348	112	42789
GO:0042542	1	510	112	42627
GO:0006863	1	121	112	43016
GO:0048765	1	395	112	42742
GO:0046506	1	5	112	43132
GO:0010054	1	50	112	43087
