GO:0052732	2	6	52	26422
GO:0050660	1	318	53	26111
GO:0008889	2	17	52	26411
GO:0004722	2	280	52	26148
GO:0016791	3	93	51	26334
GO:0008194	1	232	53	26197
GO:0016787	1	728	53	25701
GO:0005507	1	533	53	25896
GO:0016706	1	297	53	26132
GO:0000293	1	8	53	26421
GO:0009055	1	969	53	25460
GO:0046509	1	3	53	26426
GO:0003824	2	2674	52	23754
GO:0046510	1	3	53	26426
GO:0000287	1	248	53	26181
GO:0003677	1	3933	53	22496
GO:0004634	1	11	53	26418
GO:0005506	2	709	52	25719
GO:0003993	2	98	52	26330
GO:0016758	1	407	53	26022
GO:0031418	1	33	53	26396
GO:0003674	7	10814	47	15609
GO:0004630	1	35	53	26394
GO:0016705	1	502	53	25927
GO:0052731	2	6	52	26422
GO:0016491	2	1466	52	24962
GO:0035250	1	14	53	26415
GO:0016779	1	98	53	26331
GO:0005351	2	190	52	26238
GO:0005543	1	140	53	26289
GO:0030246	1	416	53	26013
GO:0003999	1	11	53	26418
GO:0016757	2	953	52	25475
GO:0008081	2	88	52	26340
GO:0008514	1	43	53	26386
